# Created by Octave 3.2.4, Mon Aug 12 20:40:44 2013 India Standard Time <unknown@unknown>
# name: layers
# type: matrix
# rows: 1
# columns: 8
 25 50 75 100 125 150 175 200
