# Created by Octave 3.2.4, Mon Aug 12 20:40:12 2013 India Standard Time <unknown@unknown>
# name: costmat
# type: matrix
# rows: 8
# columns: 8
 2.694234860242331 1.350938153884948 1.016190308845971 1.290940132411595 1.143349987357645 0.9758695541423877 1.090890995900799 1.010248806046052
 2.792201335801043 1.253389607390959 1.00416526392541 1.32611013818968 1.314782282654606 0.9996462122511764 1.144610894680882 0.7575931850649781
 2.514627803438624 1.237184869876506 1.061372408629054 1.379524719117311 1.141765513983009 1.018963927699364 1.146885797168694 0.7720825555305114
 2.591240870470303 1.244093101192016 1.061025071592918 1.256186333593964 1.246976380149363 1.048529835902564 1.189867219128569 1.054863937645404
 2.694425645731564 1.252122918184932 1.099640269826935 1.275953782098801 1.206458555312948 1.125809962989705 1.175901679671329 1.052229245672299
 2.779517594839112 1.322618833770381 1.11091583492242 1.404727991724088 1.277089718137075 0.9512740752413867 1.136053476861118 0.9255671664426152
 2.703415471565471 1.36808629816338 1.080058194042823 1.109292219624589 1.344992940925551 1.305880330046907 1.201339565335051 0.9373569093441459
 2.852325142437183 1.422514212852817 1.111299687536113 1.109696228718322 1.708559305571778 1.1178857880947 1.189965060171405 0.9976047323024322
