# Created by Octave 3.2.4, Mon Aug 12 20:40:24 2013 India Standard Time <unknown@unknown>
# name: prediction
# type: matrix
# rows: 8
# columns: 8
 33.2 75.2 84.65000000000001 81.3 81.97499999999999 88.14999999999999 83.675 85.075
 30.9 78.72499999999999 85.075 81.10000000000001 79.80000000000001 88.675 82.5 90
 39.125 79.40000000000001 83.95 80.875 82.8 88.75 83.825 90.34999999999999
 36.275 79.02500000000001 85.15000000000001 83.35000000000001 82.19999999999999 87.175 83.85000000000001 86.45
 35.575 80.125 84.59999999999999 80.55 83.65000000000001 87.375 84.85000000000001 86.40000000000001
 33.7 78.90000000000001 84.2 81.325 81.8 90.10000000000001 84.65000000000001 89.72499999999999
 34.59999999999999 78.05 85.75 86.325 79.57499999999999 83.85000000000001 84.85000000000001 89.3
 33.975 76.44999999999999 84.95 87.64999999999999 72.625 88.075 84.82499999999999 88.925
