# Created by Octave 3.2.4, Mon Aug 12 20:40:34 2013 India Standard Time <unknown@unknown>
# name: lambda
# type: matrix
# rows: 1
# columns: 8
 0.1 0.3 0.5 0.7000000000000001 0.9 1.1 1.3 1.5
