# Created by Octave 3.2.4, Mon Aug 12 08:23:46 2013 India Standard Time <unknown@unknown>
# name: Theta3
# type: matrix
# rows: 10
# columns: 151
 -0.1293063439458516 -0.3910263075772746 0.1328923909462021 0.03436263340892761 0.08554922396891584 -0.1403203398462559 -0.3860891321550387 -0.2595768961477023 -0.1774161374455903 0.1049666889732365 0.1672450767072888 -0.1342168916179913 -0.2075392003910339 -0.3544126904405018 -0.1236647001155939 0.1211867369939021 0.02916149137085233 0.1551156203498757 -0.3950159911469217 -0.2451780143303014 -0.2958231862660151 0.02232434245008596 0.1568995584496095 0.01077879884348984 -0.1567753895014743 -0.318999259362603 -0.3565661009468271 0.06101765540356011 -0.01114316195012309 0.1699901723466489 -0.2292204570721257 -0.2959552012520795 -0.2544509674233887 -0.2326920947115611 0.1996648985837739 0.0658247100875312 0.05392205358304813 -0.2739475276233749 -0.366565017087495 -0.1547157233103864 -3.527654352787434e-005 0.1199907989672665 0.072320446753804 -0.3415819076011988 -0.2035903928817873 -0.38706531877964 0.1258495268498648 0.0495936215181038 0.07351273733662751 -0.1305606627122624 -0.388778146303486 -0.2661494061938485 -0.1542574205571914 0.0860132335261472 0.1769369589653091 -0.1575653366529969 -0.2099731271974561 -0.3426755642772086 -0.1334463531764277 0.1383835654843578 0.02601028902201426 0.1546038062202307 -0.3879167734933002 -0.2595154208412026 -0.2779631723151272 0.009738451694174767 0.1635762579714008 0.009178597160695495 -0.1746219002545681 -0.3014806172167245 -0.3680011054579855 0.08410426659093226 -0.01369126136246883 0.1612378034144478 -0.2213638149224406 -0.3118854116165599 -0.2500967152325342 -0.2380507751526654 0.1954308679591201 0.07842157514830597 0.03037879623424248 -0.2580450673590551 -0.3742987910461955 -0.1430459844049118 0.01122598392165249 0.104848382032581 0.088324396790692 -0.359069765142826 -0.200672791733636 -0.3809394636198287 0.1159642594232825 0.06579535369041302 0.06185522140283807 -0.123252183187884 -0.3884465597656808 -0.274556974597708 -0.1283190769249629 0.06739751924574919 0.1841853158457272 -0.1792800095817863 -0.2150950217723507 -0.3297111780747087 -0.1459608907541545 0.154243391454731 0.02510626086753795 0.1508623817385936 -0.3778796115209997 -0.274883471463009 -0.2596773672044135 -0.0008155115087971404 0.1673108774882457 0.009921499677729616 -0.194999421251335 -0.2837153477655517 -0.3772524611845641 0.1033185444709517 -0.0134331876125339 0.1512270703550734 -0.2109407594125372 -0.3274718587120323 -0.2482038390409903 -0.2396833238330697 0.1880831943549789 0.09210256182963772 0.005609730901445063 -0.2437005228397096 -0.3791890402792537 -0.1328206329136704 0.02486655378705883 0.0893171342044855 0.1043903566043336 -0.3737420540594664 -0.2006007615446865 -0.3726847060177448 0.1037761235010756 0.08241711379001602 0.05078638320055466 -0.1188524221139626 -0.3850503349837164 -0.2847125368857523 -0.1001363957409919 0.0497262728976569 0.1886019238296678 -0.1985762915110454 -0.2227094987468574 -0.3160234254946123 -0.160406863133306 0.1683341456156627 0.02622795060735547 0.1438971430388255 -0.3652842260729866
 -0.05492011703587977 -0.1901533686432647 -0.2289611009266716 0.08679382415238927 -0.08037998859907725 0.1732602668269069 -0.2365327510134368 -0.1626334462312579 -0.1368978513205362 -0.1670504495974839 0.1683902895028683 -0.07790776703979067 0.05506065522308343 -0.2191992623127137 -0.2522414124050674 -0.1081329601422365 0.007499935639766611 0.05815829045713788 0.0287906768543987 -0.2538407491603503 -0.043739126814017 -0.3223229894711045 0.1921813262978717 -0.02200619016319543 0.06870038111348181 -0.1589391048999984 -0.2716505147339593 -0.1211173264539576 -0.1083675758716667 0.04988289897858764 0.1066610438881939 -0.1571193977681552 -0.09309389795049611 -0.2582557234824711 -0.09854703348021421 0.07448361643564153 -0.08220709713368594 0.1109121709364089 -0.3450975642078816 -0.07693476845015984 -0.2371164465285807 0.09710488827533033 0.1159928198853504 -0.0157937601082034 -0.1376873144677331 -0.1717791768891346 -0.2450781127983087 0.1105907731875485 -0.08686677967499956 0.1686736561342117 -0.2324572263300648 -0.1781583765703715 -0.1240106095499214 -0.1701163370258915 0.1703056228442642 -0.06060281512009338 0.03479887700657704 -0.1953883028686569 -0.2675913232181127 -0.09660614327789112 0.004762128575332316 0.04214445275680886 0.04079860657257319 -0.2724232120270975 -0.03456883185719316 -0.3221868442322304 0.1891124520581111 -0.002966739779428354 0.05335827016672275 -0.1501150424017934 -0.2715069834158385 -0.1319939386291701 -0.08691473505005963 0.02746293241856724 0.1242416452096324 -0.1789509065099218 -0.09446727717750064 -0.2441991940975717 -0.1086177981946732 0.09089715497918927 -0.09305235894158703 0.1132123938987579 -0.3408229436698555 -0.09766984968852827 -0.2188049195466581 0.08048550523829805 0.1194643314665339 -0.01670774064235936 -0.1465557769303693 -0.1526509073062648 -0.260636122151238 0.1318523376205165 -0.08974604138163336 0.1610594508522947 -0.225812769592968 -0.1942892385114594 -0.1136416880881383 -0.1709191416043345 0.1679663030363172 -0.03997876143952207 0.01209931844488135 -0.1729769243303837 -0.2788625605408987 -0.08762480968023943 0.005013300328586164 0.02509099859304935 0.0529572801003946 -0.2899046982293389 -0.02854788289226427 -0.3189856004005548 0.1831723830276127 0.01659782958321058 0.03899617937923035 -0.1424867172294823 -0.2661370705577155 -0.1444385059843341 -0.06271369027070528 0.005833868430270331 0.1397070179664003 -0.1977539200988314 -0.09965934145299428 -0.228475550900291 -0.1194914256780421 0.107139975540578 -0.1010172291947433 0.1128085334918886 -0.332226531412973 -0.1211824224708692 -0.2001117477174744 0.06441072365815427 0.1179940287769393 -0.01528496323405171 -0.1582045604952826 -0.1332139203767049 -0.2752741640403079 0.1502260475143982 -0.08883876355648848 0.1507797161156179 -0.2171432356933338 -0.210478025284001 -0.1061981082725812 -0.1693097475282194 0.1605184273529014 -0.01695665876423302 -0.01262994234356808 -0.1524934514933979 -0.2858845439716846 -0.08146202819247106 0.008467526226226369 0.007346681513381794 0.06485258914986466
