# Created by Octave 3.2.4, Sun Aug 11 16:17:30 2013 India Standard Time <unknown@unknown>
# name: Theta2
# type: matrix
# rows: 25
# columns: 26
 0.2664519432723809 0.7224303792982106 0.4620088998262212 0.715698733198404 0.3636039209963467 0.8339451698754652 0.04378423938050904 0.6909371684299124 0.1132966382237178 0.1493577309816253 0.1347325216423356 0.06540801568701603 -0.2102446092079154 -0.2016511903114608 -0.3384479954494636 -0.1325317080049503 -0.3871215805308715 -0.05518767843529039 -0.4091133663678286 -0.265889544694123 -0.3347345975629439 0.02529807354690344 -0.6975131220393167 -0.6835117643843878 -1.642417122075418 -0.9064290641441703
 -0.1202780557253406 0.1741133531684476 0.243481691752177 0.236903660048685 0.5459738465942789 0.4004840209518128 0.1893667975025126 0.4817450735354544 0.1830202064676347 0.1918195722846616 0.4569835955063907 0.1301966826549395 0.1777216292840132 0.2410626106956691 -0.03061948865595011 0.1425882359296622 -0.1590977844892738 0.1065794218425361 -0.2122436297149627 0.1217827446066254 0.1317348934908902 0.01272787628461318 0.2856744115474448 0.5331476987525378 1.260107408688648 0.5398035011837454
 -0.09383328148185795 0.07772816399634154 0.3035069122954832 -0.1244297525525224 0.3061760428152618 0.1183991917627786 0.06657629956903978 0.2001904126037674 0.08501634018343665 0.1198027081344666 0.1125297081653255 0.09140655354646154 0.2559980369803689 0.2957279793136887 0.1974606083901263 0.1976636989177201 0.3251620984519034 0.008427095682832212 0.3774864591894729 -0.09068086361070309 -0.1111401284462271 0.1038640045128298 -0.1519717019201293 -0.3741928560678964 -0.6192513571453009 -0.5860069037786381
 -0.5351327625930918 0.405599963251962 0.03635542111249975 0.1953473413214444 -0.04474405673117141 -0.4077577761903717 -0.1261794085019223 -0.299930669116801 -0.09689009541524063 -0.01652484311468256 0.2702151621158218 -0.06793846484049788 0.1752838516416783 0.546869404012972 0.03973459203091466 0.41295605982453 -0.01607468923528811 0.3582845621805678 -0.02588463176098548 0.4220106449192979 0.3931786324735284 -0.4183467709752057 0.2007842484860241 0.1381941129934902 0.4574084065717167 0.1948223646768668
 0.1295821276395965 -0.7730319158695237 -0.3891546098713033 -0.546822729447604 -0.4022162820316162 -0.2055256250280754 -0.1439881580954962 -0.4063604642533323 -0.2000146264370823 -0.1674128775447623 -0.6149961940539621 -0.1282193759812008 -0.4894415409245612 -0.5005481103429668 -0.2831779589823384 -0.266162582362527 0.1153018300907682 0.3653644654195587 0.2934324267090891 0.472779164516595 0.549232158898067 0.815730735421876 0.6163246751319303 0.1305105338126116 0.8205202500309595 0.04662434174086089
 0.4293251304796641 0.280311414065077 -0.1000806641350412 0.1922282724175896 -0.3205385269423382 -0.0772779696853667 -0.143025011799455 -0.3105816840528898 -0.1020822432158193 -0.1011303167795643 -0.351622192255878 -0.0867937735941853 -0.4148018197735124 -0.5338234214443762 -0.3836393150953725 -0.3695725648292142 -0.538477971710711 -0.1320188022249738 -0.5649908914459422 -0.1954140631283863 -0.238881183388617 -0.2414566487154359 -0.4769920778040379 -0.5013052308169083 -1.050756389878496 -0.3221272497578683
 0.6803706448441029 -0.3007947713010942 -0.2495707307580478 -0.2011291923363939 -0.09777769445754743 -0.4264603994294435 -0.02974767536474296 -0.5870398273544011 -0.01823258421408249 -0.101026417723804 -0.3404964673962118 -0.07317571549750165 -0.4459181022723381 -0.7166938057248915 -0.09781533526389702 -0.5564451376736184 -0.6450324741982143 -0.3839054642153617 -0.693645893765425 -0.4259185802047351 -0.3724929196956356 -0.2609993341881101 0.07953361187352342 0.421426073969487 1.136583694200058 0.6548600784145178
 0.3177550397424421 0.3409704538241398 0.5030256428677786 0.1414616093929607 0.7136465097932185 -0.03065920346530279 -0.05357691796877488 -0.02838850942129265 -0.02615740915959396 0.05590578510398454 0.06093775278170702 -0.06383142234660789 0.08369365682144381 -0.2846699496487944 -0.3358074353180783 -0.244553019777245 -0.9080773250133816 -0.1371955358392333 -0.949659997073906 -0.3463692259319361 -0.4028035530222562 -0.7979234168748007 -0.6692143174011225 -0.9697441568985344 -1.684088709975775 -1.136324334394365
 -0.4153936357678304 0.4974052847496078 0.2794913276870382 0.4893142827006582 0.4116502610917188 0.2584647599803611 0.03043258202469204 0.326398822964248 0.06543543469316664 0.1172941832069729 0.5481309052138568 0.03845515304219663 0.1832269767887852 0.4375183903956222 -0.1321217646774187 0.3230580214624868 -0.286759623954472 0.2905841860823647 -0.3621300578344311 0.2747188127261077 0.2595870191286068 -0.2217855329236249 0.1992017391270408 0.2894407829485174 0.5872018830078334 0.08383232798446068
 -0.1635784450240154 -0.5375949850994047 -0.1144606221632761 -0.5754112011724306 -0.1496366476765765 -0.3495969216931948 -0.0377871005465417 -0.4393935760154213 -0.07052863485683045 -0.0334723764743133 -0.2092429636866987 -0.02044000845892039 0.2879398038597054 0.4692786770648747 0.3347278020252617 0.3595629536019025 0.2928293351644448 0.2865530456442428 0.4228752545014802 0.308536128260297 0.3300037032545021 -0.09118336573746764 0.3000709459749798 -0.1594111426597851 0.2554333794840803 -0.526082313212847
 -0.2705270123057848 0.5349525176825627 -0.0503120285386918 0.01977491297214709 -0.4429563883512596 -0.2937650626860995 -0.1609730675532821 -0.212639834113795 -0.1453258442479137 -0.06171959370454038 -0.1298014120200741 -0.08613817150793586 -0.1017742085195718 0.1896039838080495 -0.003987104837543774 0.2538112386718633 0.5735843295354844 0.4651041387598045 0.6472868725410146 0.5374286251122903 0.4732069138003481 0.4485492572753249 -0.03257698142510011 -0.2323830668623176 -0.6474692329030021 0.1377118257611595
 0.1491403864038541 -0.4898785824373338 -0.3741055237438508 -0.215501607081056 -0.4034761670075694 0.1582464775387954 -0.01011108649866049 0.009775993122171818 -0.03783480607415395 -0.06378765832289172 -0.5173435753028697 -0.0144926600226778 -0.7467269252558757 -0.7193607143607752 -0.4785800000222837 -0.50232854749522 -0.01328311747483362 0.1502103447714863 0.07870626466197617 0.2455930538236512 0.3153068086979244 1.041932225100352 0.5446349491625484 0.5853945320966372 1.349546538090354 0.5514679984758516
 0.4913916630171292 0.366885150579994 0.3353582921046973 0.3552435141524781 0.2470621661566949 0.5996171628336511 0.02151907835617186 0.4630239854249008 0.04806273665199007 0.06566950069889863 -0.1896784923839106 0.03105651728648111 -0.4449829186693419 -0.7250782352274802 -0.5877268644257251 -0.4666863353820943 -0.4248197635643534 -0.05097104629158478 -0.4390490504480845 -0.1884762219398371 -0.207334326175174 0.4709161390447598 -0.4014022548440704 -0.4975806599262923 -1.199966299238138 -0.5882842325238316
 0.3767536385078858 0.5448042274809018 0.232247004748748 0.4373540193165479 0.6887103652445706 -0.363059540171711 -0.02663221519109219 -0.1623548577070191 0.05627802714541659 0.07405171241515857 0.5010148168804703 -0.03669445340031147 0.1654617446743208 -0.1038127603886323 -0.03989521106796094 -0.09920946391147159 -0.8425899767093372 -0.230405352498742 -1.085606202408451 -0.3544090576061753 -0.3484173707769794 -0.8300718455394204 -0.09943262146105199 0.4684828127843861 0.9559254643287389 0.8927662347266536
 0.0370073710690569 -0.1305792669882083 0.3234012575011811 -0.1973468206270104 0.4753643312160302 0.1192335070357892 0.1184626214801981 0.1542438864661399 0.1285355241138843 0.1294225854527894 0.1224014326265258 0.09876269954915784 0.2871626905113831 0.2148919774578771 0.2329238747212738 0.09505556443477695 0.07310927401150059 -0.2025468736711474 0.09278227982472417 -0.3316769401066079 -0.3223418233944907 -0.1094096601000951 -0.1541936221868991 -0.2986957661472807 -0.3000953936332325 -0.5909410808154097
